0,433
0,432
0,431
0,430
0,429
0,428
0,427
0,426
0,425
0,424
0,423
0,422
0,421
0,420
0,419
0,418
0,417
0,416
0,415
0,414
0,413
0,412
0,411
0,410
0,409
0,408
0,407
0,406
0,405
0,404
0,403
0,402
0,401
45,4
45,3
45,2
45,1
45,0
0,278
0,400
0,399
0,398
0,397
0,396
0,395
0,394
0,386
44,3
44,2
0,9
44,1
44,0
43,36
43,35
3,1
3,3
10,183
10,227
10,121
10,25
10,261
10,31
10,181
10,257
11,23
11,7
11,15
11,17
11,5
11,29
11,19
11,2
11,3
9,7
9,5
8,16
8,15
8,12
8,10
8,18
12,2
12,1
12,3
35,3
35,2
35,1
35,0
34,3
34,2
34,1
34,0
